name Snake
weights [[[0.44,-0.71,0.77,-0.07,0.88,0.49,-0.98,-0.84,0.28,-0.96,0.04,0.38,0.06,-0.86,0.0,0.67,0.76,-0.54,0.13,-0.67,0.05,-0.7,-0.75,-0.76,-0.8],[0.41,0.86,-0.47,0.34,-0.74,-0.97,0.03,0.99,-0.58,-0.99,0.34,0.58,-0.25,-0.61,0.01,-0.63,0.16,-0.51,-0.24,-0.71,0.1,-0.22,-0.63,0.84,-0.57],[-0.86,0.68,-0.62,0.75,-0.24,-0.9,0.86,-0.59,-0.56,-0.16,-0.32,0.94,0.4,-0.4,0.19,-0.98,0.77,-0.41,0.72,0.52,0.0,0.33,-0.65,-0.2,-0.34],[-0.45,0.1,0.78,-0.71,0.0,-0.29,-0.86,-0.47,0.99,-0.19,-0.93,0.78,0.44,0.35,-0.58,-0.11,0.63,-0.5,-0.67,0.25,0.69,-0.91,0.52,0.97,-0.09],[0.95,-0.51,-0.02,-0.09,0.83,0.27,-0.34,-0.54,0.44,0.35,-0.33,0.8,-0.81,-0.57,0.78,-0.82,-0.73,0.58,-0.58,-0.04,0.87,0.93,-0.53,0.39,-0.22],[-0.79,0.34,-0.74,-0.19,0.48,0.7,0.88,-0.76,0.66,-0.71,0.95,-0.94,0.03,-0.17,-0.09,0.21,0.09,-0.53,-0.89,-0.17,-0.63,0.09,-0.22,-0.98,-0.82],[-0.47,-0.89,-0.16,0.68,0.77,0.0,0.87,0.75,-0.49,0.5,0.49,0.1,-0.06,-0.09,0.08,-0.69,-0.81,-0.02,-0.36,-0.08,-0.25,0.2,-0.22,-0.21,-0.46],[0.48,0.37,-0.92,0.99,-0.02,-0.69,-0.48,-0.69,0.36,0.09,-0.45,-0.32,-0.99,0.82,-0.27,0.2,0.95,-0.2,0.15,-0.66,-0.71,0.64,0.27,-0.84,0.15],[-0.42,-0.3,-0.55,0.71,-0.73,-0.74,0.06,-0.63,-0.95,-0.53,-0.25,-0.57,-0.97,0.12,-0.63,0.72,-0.87,-0.72,0.57,0.9,-0.68,0.0,-0.4,-0.88,0.67],[0.63,-0.19,-0.34,0.85,0.3,-0.71,0.82,-0.75,0.11,-0.39,-0.91,0.5,0.7,0.84,-0.52,0.6,0.75,0.51,-0.06,0.37,-0.76,-0.87,0.75,-0.28,-0.3]],[[0.73,-0.07,-0.57,0.15,-0.49,0.8,-0.83,-0.77,0.67,-0.76,0.99,-0.46,-0.22,0.81,0.73],[0.1,0.17,0.52,0.61,0.47,-0.08,0.95,-0.85,0.28,-0.45,-0.57,-0.78,-0.37,-0.91,-0.17],[-0.37,0.74,0.13,0.0,0.1,-0.01,0.44,-0.14,-0.52,-0.13,0.94,-0.18,0.34,-0.11,0.65],[0.12,0.03,0.1,-0.6,0.4,-0.7,-0.08,-0.99,0.83,0.56,-0.6,-0.44,0.25,0.42,0.7],[-0.42,-0.25,0.98,-0.57,0.85,-0.55,-0.33,0.38,-0.28,0.02,0.45,0.82,0.8,-0.63,-0.57],[-0.12,-0.22,-0.19,0.17,0.57,0.85,-0.57,0.35,0.36,-0.63,-0.75,-0.4,0.03,0.44,0.05],[-0.06,-0.42,0.35,0.38,-0.66,-0.37,0.24,0.37,0.43,0.66,-0.58,-0.33,0.77,-0.54,0.04],[-0.29,-0.16,-0.78,0.99,0.74,0.2,0.72,0.17,0.47,-0.97,-0.76,-0.9,-0.11,0.0,0.17],[-0.43,-0.03,0.71,-0.31,-0.33,-0.52,0.48,-0.18,0.15,0.24,-0.22,0.85,0.21,0.77,0.84],[0.95,0.2,-0.82,-0.17,0.36,-0.99,-0.66,-0.86,-0.67,-0.54,0.41,0.06,0.62,-0.8,-0.34],[0.67,0.02,-0.08,-0.1,0.85,-0.58,-0.25,0.18,-0.14,0.86,0.81,-0.26,0.48,-0.66,0.18],[0.87,-0.54,0.84,-0.11,0.89,0.3,-0.41,-0.9,0.66,0.5,0.66,-0.3,0.74,0.29,0.1],[0.04,-0.6,-0.58,-0.89,0.49,-0.22,-0.1,0.49,0.22,0.61,0.02,-0.24,0.07,-0.73,-0.2],[-0.05,0.29,0.09,-0.31,0.3,0.26,-0.72,0.48,0.83,0.63,-0.26,-0.07,-0.34,0.42,0.59],[-0.96,-0.14,0.96,0.56,0.4,0.12,-0.56,-0.24,0.16,0.27,-0.05,-0.22,-0.32,0.06,-0.37],[0.35,0.32,0.93,-0.34,-0.18,-0.11,0.32,0.26,0.7,0.02,0.43,0.2,-0.36,-0.56,0.88],[0.03,-0.16,-0.71,-0.39,-0.47,-0.12,-0.68,0.38,0.8,-0.6,-0.8,-0.47,0.61,-0.25,0.56],[0.12,0.33,-0.96,0.23,0.49,0.65,-0.79,-0.79,-0.14,-0.44,0.06,-0.05,-0.14,0.55,-0.97],[-0.37,-0.47,0.18,-0.49,0.36,0.85,0.03,0.66,0.42,0.06,-0.48,0.58,0.13,0.81,-0.25],[0.25,-0.95,-0.62,-0.64,-0.36,-0.55,0.46,0.79,-0.11,0.09,-0.31,0.23,-0.71,-0.46,-0.47],[0.59,-0.55,0.15,0.29,-0.35,-0.76,0.79,0.83,0.28,-0.46,0.95,-0.19,-0.89,0.63,-1.0],[-0.1,0.72,0.26,0.67,-0.41,0.2,-0.4,0.58,-0.96,-0.44,-0.99,-0.41,-0.17,-0.35,0.73],[-0.65,-0.6,0.35,-0.39,0.5,-0.45,-0.69,-0.38,0.73,0.62,-0.06,0.79,-0.12,0.75,-0.59],[0.29,-0.06,0.02,-0.88,0.11,-0.66,-0.47,-0.45,0.31,-0.26,-0.67,-0.04,0.76,-0.68,0.66],[-0.06,-0.25,0.29,-0.59,0.92,-0.27,-0.92,-0.28,-0.11,0.02,0.62,-0.1,-0.11,0.36,0.71]],[[0.46,-0.35,-0.69,0.53],[0.02,-0.65,-0.81,-0.57],[0.55,0.47,-0.96,-0.79],[-0.99,0.64,0.27,-0.91],[0.05,0.7,-0.22,0.06],[-0.5,0.31,-0.06,-0.86],[0.8,-0.84,-0.34,-0.98],[0.66,0.34,-0.31,-0.87],[-0.72,0.63,0.76,0.31],[0.71,0.33,-0.26,0.14],[0.02,-0.78,0.83,-0.83],[0.74,-0.67,-0.86,0.33],[-0.9,0.51,-0.74,0.74],[0.82,-0.01,-0.74,-0.66],[0.08,-0.52,-0.98,0.4]]]
architecture [10,25,15,4]
what_activation_function <bound method AI.ActivationFunctions.ReLU_2 of <Code_My_AI.AI.ActivationFunctions object at 0x000001594231A0A0>>
end_activation_function <bound method AI.ActivationFunctions.Tanh of <Code_My_AI.AI.ActivationFunctions object at 0x000001594231A0A0>>
architecture [10,25,15,4]
what_activation_function <bound method AI.ActivationFunctions.ReLU_2 of <Code_My_AI.AI.ActivationFunctions object at 0x000001594231A0A0>>
end_activation_function <bound method AI.ActivationFunctions.Tanh of <Code_My_AI.AI.ActivationFunctions object at 0x000001594231A0A0>>
architecture [8,25,15,4]
what_activation_function <bound method AI.ActivationFunctions.ReLU_2 of <Code_My_AI.AI.ActivationFunctions object at 0x000001CBD5AEFEE0>>
end_activation_function <bound method AI.ActivationFunctions.Tanh of <Code_My_AI.AI.ActivationFunctions object at 0x000001CBD5AEFEE0>>
alpha 1e-07
have_bias_neuron False
number_disabled_neurons 0.0
packet_size 1
value_range [0,1]

name Snake
weights [[[-0.77,0.51,0.73,-0.61,-0.08,-0.06,-0.47,0.51,0.01,-0.53,-0.84,-0.41,-1.0,0.5,0.09,-0.18,0.75,-0.18,-0.87,-0.44,-0.56,0.55,-0.8,-0.78,-0.09],[-0.51,0.2,0.18,-0.67,0.97,0.61,-0.61,0.41,0.33,0.95,-0.17,0.78,0.56,0.65,0.56,0.78,0.55,0.4,-0.41,-0.84,0.54,-0.85,-0.5,0.05,-0.48],[-0.99,-0.92,-0.39,-0.54,-0.5,-0.78,0.2,0.8,0.69,-0.36,0.29,0.67,0.02,0.84,0.51,-0.2,0.46,-0.76,0.86,0.47,0.0,-0.74,-0.35,-0.84,-0.34],[0.93,-0.8,0.77,0.86,-0.88,-0.35,-0.56,-0.11,0.82,0.32,-0.69,-0.88,-0.19,0.58,0.0,0.34,0.5,-0.73,-0.76,-0.07,-0.62,-0.62,0.66,0.24,-0.2],[-0.1,0.46,0.69,-0.69,-0.28,-0.94,0.37,-0.03,-0.44,0.99,0.19,0.03,0.34,0.15,0.85,-0.42,0.73,0.02,0.49,0.1,0.53,-0.74,-0.11,-0.9,0.74],[0.83,-0.55,0.24,0.15,0.68,0.73,-0.89,0.68,0.17,-0.84,0.55,0.7,-0.59,-0.49,-0.76,-0.81,0.78,-0.14,0.49,0.84,0.73,0.24,-0.36,0.79,-0.45],[0.71,-0.9,-0.15,-0.79,-0.96,-0.66,-0.35,0.05,-0.08,0.82,0.97,0.92,-0.01,0.38,0.89,0.31,0.85,0.75,0.86,0.69,-0.19,0.35,-0.31,-0.9,0.33],[-0.51,0.05,-0.14,0.37,0.84,0.96,-0.69,-0.98,0.9,0.02,0.77,-0.27,-0.68,0.22,-0.03,-0.35,0.15,-0.2,-0.94,-0.01,0.43,0.44,0.28,-0.12,0.48]],[[-0.7,-0.38,0.12,-0.13,0.19,0.72,0.58,-0.66,-0.09,0.96,0.68,0.12,0.85,0.03,0.12],[0.54,-0.81,-0.64,0.15,0.08,0.43,0.24,0.93,-0.08,0.9,-0.72,-0.53,-0.37,0.39,0.92],[-0.88,-0.61,0.12,-0.15,0.5,-0.88,0.12,0.27,0.61,0.33,-0.43,-1.0,-0.87,0.2,0.75],[0.88,0.09,-0.16,-0.59,0.44,-0.73,-0.32,0.91,0.91,0.95,0.28,0.58,0.99,0.15,0.08],[-0.65,0.02,-0.97,0.56,-0.45,-0.44,0.66,-0.24,-0.61,0.31,-0.46,0.72,0.36,-0.39,-0.67],[0.63,-0.64,-0.79,-0.72,0.0,-0.6,0.1,0.25,0.28,0.53,-0.18,0.03,0.29,0.23,-0.72],[-0.86,-0.82,-0.59,-0.83,0.94,-0.7,0.31,0.66,-0.44,-0.95,-0.66,-0.65,0.23,0.96,-0.8],[-0.35,-0.29,-0.38,-0.55,-0.17,-0.25,0.08,-0.32,0.95,-0.07,0.01,-0.17,0.31,-0.45,-0.33],[0.11,0.49,0.23,0.26,0.37,-0.23,-0.96,-0.62,-0.27,-0.69,-0.45,0.71,-0.32,-0.11,-0.55],[0.05,0.14,0.45,-0.62,0.09,-0.51,0.02,-0.83,0.76,0.35,-0.62,0.75,-0.54,0.93,-0.66],[0.37,-0.83,-0.19,-0.45,0.01,-0.59,-0.59,0.64,0.39,-0.86,0.48,0.45,0.21,-0.52,0.78],[-0.56,-0.41,-0.43,0.58,-0.92,0.96,-0.55,-0.31,-0.07,0.97,0.19,0.94,-0.11,-0.65,-0.72],[-0.27,-0.09,0.22,0.01,-0.59,0.8,-0.51,-0.07,0.75,0.1,-0.78,-0.63,0.75,-0.97,0.02],[0.58,0.13,-0.46,-0.94,0.04,-0.11,-1.0,-0.06,0.02,-0.05,0.98,0.82,0.32,-0.72,0.98],[-0.52,-0.18,-0.6,-0.86,0.65,0.23,-0.21,0.47,0.36,0.53,-0.37,-0.25,0.21,-0.22,-0.76],[-0.46,-0.78,0.54,0.07,-0.01,-0.2,0.76,0.18,0.2,0.16,0.85,-0.21,-0.67,-0.96,0.85],[0.68,-0.91,-0.15,0.62,-0.9,0.99,-0.03,0.9,0.18,-0.7,0.6,0.16,-0.02,-0.52,-0.03],[-0.05,0.58,0.85,0.21,0.39,-0.21,-0.03,-0.64,-0.76,0.37,0.02,-0.97,0.92,0.04,0.04],[0.93,0.72,0.18,-0.07,-0.09,0.11,0.62,-0.71,0.76,-0.33,0.26,0.55,0.05,0.04,0.81],[0.79,0.08,0.09,0.52,-0.5,0.29,-0.28,-0.87,-0.48,0.39,0.93,-0.57,0.11,0.83,-0.18],[0.14,-0.2,0.88,0.79,-0.76,0.18,0.65,-0.15,0.01,0.28,0.43,0.68,0.47,0.1,0.92],[-0.77,-0.79,-0.23,0.81,0.71,-0.71,0.72,-0.15,0.9,0.62,0.91,0.37,-0.01,-0.24,-0.51],[-0.55,0.72,0.49,0.93,0.04,0.53,0.06,-0.19,0.24,-0.55,0.28,-0.74,0.12,-0.5,0.47],[0.59,0.03,0.18,0.28,0.52,-0.25,0.21,0.71,-0.55,0.45,0.66,-0.62,0.41,-0.06,-0.88],[-0.48,0.84,-0.25,-0.2,0.81,0.66,-0.11,-0.27,0.43,-0.51,-0.85,-0.02,-0.79,0.67,0.57]],[[0.31,-0.08,0.91,0.26],[0.41,0.02,0.37,-0.22],[-1.0,0.18,0.15,-0.14],[-0.07,0.93,-0.72,-0.11],[0.32,-0.53,0.92,0.94],[-0.54,0.16,-0.59,0.55],[0.76,0.13,-0.47,0.73],[-0.6,-0.55,-0.03,0.87],[-0.34,0.65,-0.51,0.69],[-0.58,0.84,-0.1,-0.19],[-0.26,-0.12,0.06,-0.03],[-0.62,0.89,0.42,-0.79],[0.41,-0.61,-0.43,0.41],[-0.42,-0.06,-0.45,0.44],[0.0,0.03,-0.96,-0.4]]]
architecture [8,25,15,4]
what_activation_function <bound method AI.ActivationFunctions.ReLU_2 of <Code_My_AI.AI.ActivationFunctions object at 0x0000012EA789FEE0>>
end_activation_function <bound method AI.ActivationFunctions.Tanh of <Code_My_AI.AI.ActivationFunctions object at 0x0000012EA789FEE0>>
alpha 1e-07
have_bias_neuron False
number_disabled_neurons 0.0
packet_size 1
value_range [0,1]

